[gd_scene load_steps=6 format=2]

[ext_resource path="res://Scenes/laserer.tscn" type="PackedScene" id=1]
[ext_resource path="res://Scenes/Wall.tscn" type="PackedScene" id=2]
[ext_resource path="res://Scenes/Mirror.tscn" type="PackedScene" id=3]
[ext_resource path="res://Scenes/Reciever.tscn" type="PackedScene" id=4]
[ext_resource path="res://Scenes/BaseLevel.tscn" type="PackedScene" id=5]

[node name="Level_5_Mirrors" instance=ExtResource( 5 )]

[node name="Laser" parent="." index="8" instance=ExtResource( 1 )]
transform = Transform( -4.37114e-08, 0, 1, 0, 1, 0, -1, 0, -4.37114e-08, -14.971, 0.073, -0.113 )
ShouldShootLaser = true
LockingState = 2

[node name="Reciever" parent="." index="9" instance=ExtResource( 4 )]
transform = Transform( 1, 0, 0, 0, 1, 0, 0, 0, 1, 7.73792, 0, -9.66844 )
LockingState = 3

[node name="Wall" parent="." index="10" instance=ExtResource( 2 )]
transform = Transform( 1, 0, 0, 0, 1, 0, 0, 0, 12.267, 0, 0, -5.86 )

[node name="Mirror" parent="." index="11" instance=ExtResource( 3 )]
transform = Transform( 0.930123, 0, -0.367248, 0, 1, 0, 0.367248, 0, 0.930123, -14.971, 0.073, -9.668 )
LockingState = 1

[node name="Mirror2" parent="." index="12" instance=ExtResource( 3 )]
transform = Transform( 0.16534, 0, -0.986237, 0, 1, 0, 0.986237, 0, 0.16534, -5.253, 0.073, 11.462 )
ID = 2
LockingState = 1

[node name="Mirror3" parent="." index="13" instance=ExtResource( 3 )]
transform = Transform( 0.81136, 0, 0.584547, 0, 1, 0, -0.584547, 0, 0.81136, 10.252, 0.073, 11.462 )
ID = 3
LockingState = 1
